0.000000000000000000e+00
5.899710115045309067e-03
1.179942023009061813e-02
1.769912987947463989e-02
2.359884046018123627e-02
2.949854917824268341e-02
3.539825975894927979e-02
4.129796847701072693e-02
4.719768092036247253e-02
5.309738963842391968e-02
5.899709835648536682e-02
6.489680707454681396e-02
7.079651951789855957e-02
7.669623196125030518e-02
8.259593695402145386e-02
8.849564939737319946e-02
9.439536184072494507e-02
1.002950668334960938e-01
1.061947792768478394e-01
1.120944917201995850e-01
1.179941967129707336e-01
1.238939091563224792e-01
1.297936141490936279e-01
1.356933265924453735e-01
1.415930390357971191e-01
1.474927514791488647e-01
1.533924639225006104e-01
1.592921763658523560e-01
1.651918739080429077e-01
1.710915863513946533e-01
1.769912987947463989e-01
1.828910112380981445e-01
1.887907236814498901e-01
1.946904361248016357e-01
2.005901336669921875e-01
2.064898461103439331e-01
2.123895585536956787e-01
2.182892709970474243e-01
2.241889834403991699e-01
2.300886958837509155e-01
2.359883934259414673e-01
2.418881058692932129e-01
2.477878183126449585e-01
2.536875307559967041e-01
2.595872282981872559e-01
2.654869556427001953e-01
2.713866531848907471e-01
2.772863805294036865e-01
2.831860780715942383e-01
2.890857756137847900e-01
2.949855029582977295e-01
3.008852005004882812e-01
3.067849278450012207e-01
3.126846253871917725e-01
3.185843527317047119e-01
3.244840502738952637e-01
3.303837478160858154e-01
3.362834751605987549e-01
3.421831727027893066e-01
3.480829000473022461e-01
3.539825975894927979e-01
3.598822951316833496e-01
3.657820224761962891e-01
3.716817200183868408e-01
3.775814473628997803e-01
3.834811449050903320e-01
3.893808722496032715e-01
3.952805697917938232e-01
4.011802673339843750e-01
4.070799946784973145e-01
4.129796922206878662e-01
4.188794195652008057e-01
4.247791171073913574e-01
4.306788444519042969e-01
4.365785419940948486e-01
4.424782395362854004e-01
4.483779668807983398e-01
4.542776644229888916e-01
4.601773917675018311e-01
4.660770893096923828e-01
4.719767868518829346e-01
4.778765141963958740e-01
4.837762117385864258e-01
4.896759390830993652e-01
4.955756366252899170e-01
5.014753341674804688e-01
5.073750615119934082e-01
5.132747888565063477e-01
5.191744565963745117e-01
5.250741839408874512e-01
5.309739112854003906e-01
5.368736386299133301e-01
5.427733063697814941e-01
5.486730337142944336e-01
5.545727610588073730e-01
5.604724287986755371e-01
5.663721561431884766e-01
5.722718834877014160e-01
5.781715512275695801e-01
5.840712785720825195e-01
5.899710059165954590e-01
5.958707332611083984e-01
6.017704010009765625e-01
6.076701283454895020e-01
6.135698556900024414e-01
6.194695234298706055e-01
6.253692507743835449e-01
6.312689781188964844e-01
6.371687054634094238e-01
6.430683732032775879e-01
6.489681005477905273e-01
6.548678278923034668e-01
6.607674956321716309e-01
6.666672229766845703e-01
6.725669503211975098e-01
6.784666776657104492e-01
6.843663454055786133e-01
6.902660727500915527e-01
6.961658000946044922e-01
7.020654678344726562e-01
7.079651951789855957e-01
7.138649225234985352e-01
7.197645902633666992e-01
7.256643176078796387e-01
7.315640449523925781e-01
7.374637722969055176e-01
7.433634400367736816e-01
7.492631673812866211e-01
7.551628947257995605e-01
7.610625624656677246e-01
7.669622898101806641e-01
7.728620171546936035e-01
7.787617444992065430e-01
7.846614122390747070e-01
7.905611395835876465e-01
7.964608669281005859e-01
8.023605346679687500e-01
8.082602620124816895e-01
8.141599893569946289e-01
8.200597167015075684e-01
8.259593844413757324e-01
8.318591117858886719e-01
8.377588391304016113e-01
8.436585068702697754e-01
8.495582342147827148e-01
8.554579615592956543e-01
8.613576889038085938e-01
8.672573566436767578e-01
8.731570839881896973e-01
8.790568113327026367e-01
8.849564790725708008e-01
8.908562064170837402e-01
8.967559337615966797e-01
9.026556015014648438e-01
9.085553288459777832e-01
9.144550561904907227e-01
9.203547835350036621e-01
9.262544512748718262e-01
9.321541786193847656e-01
9.380539059638977051e-01
9.439535737037658691e-01
9.498533010482788086e-01
9.557530283927917480e-01
9.616527557373046875e-01
9.675524234771728516e-01
9.734521508216857910e-01
9.793518781661987305e-01
9.852515459060668945e-01
9.911512732505798340e-01
9.970510005950927734e-01
1.002950668334960938e+00
1.008850455284118652e+00
1.014750123023986816e+00
1.020649790763854980e+00
1.026549577713012695e+00
1.032449245452880859e+00
1.038348913192749023e+00
1.044248700141906738e+00
1.050148367881774902e+00
1.056048035621643066e+00
1.061947822570800781e+00
1.067847490310668945e+00
1.073747277259826660e+00
1.079646944999694824e+00
1.085546612739562988e+00
1.091446399688720703e+00
1.097346067428588867e+00
1.103245735168457031e+00
1.109145522117614746e+00
1.115045189857482910e+00
1.120944857597351074e+00
1.126844644546508789e+00
1.132744312286376953e+00
1.138643980026245117e+00
1.144543766975402832e+00
1.150443434715270996e+00
1.156343102455139160e+00
1.162242889404296875e+00
1.168142557144165039e+00
1.174042344093322754e+00
1.179942011833190918e+00
1.185841679573059082e+00
1.191741466522216797e+00
1.197641134262084961e+00
1.203540802001953125e+00
1.209440588951110840e+00
1.215340256690979004e+00
1.221239924430847168e+00
1.227139711380004883e+00
1.233039379119873047e+00
1.238939046859741211e+00
1.244838833808898926e+00
1.250738501548767090e+00
1.256638288497924805e+00
1.262537956237792969e+00
1.268437623977661133e+00
1.274337410926818848e+00
1.280237078666687012e+00
1.286136746406555176e+00
1.292036533355712891e+00
1.297936201095581055e+00
1.303835868835449219e+00
1.309735655784606934e+00
1.315635323524475098e+00
1.321534991264343262e+00
1.327434778213500977e+00
1.333334445953369141e+00
1.339234113693237305e+00
1.345133900642395020e+00
1.351033568382263184e+00
1.356933355331420898e+00
1.362833023071289062e+00
1.368732690811157227e+00
1.374632477760314941e+00
1.380532145500183105e+00
1.386431813240051270e+00
1.392331600189208984e+00
1.398231267929077148e+00
1.404130935668945312e+00
1.410030722618103027e+00
1.415930390357971191e+00
1.421830058097839355e+00
1.427729845046997070e+00
1.433629512786865234e+00
1.439529180526733398e+00
1.445428967475891113e+00
1.451328635215759277e+00
1.457228422164916992e+00
1.463128089904785156e+00
1.469027757644653320e+00
1.474927544593811035e+00
1.480827212333679199e+00
1.486726880073547363e+00
1.492626667022705078e+00
1.498526334762573242e+00
1.504426002502441406e+00
1.510325789451599121e+00
1.516225457191467285e+00
1.522125124931335449e+00
1.528024911880493164e+00
1.533924579620361328e+00
1.539824366569519043e+00
1.545724034309387207e+00
1.551623702049255371e+00
1.557523488998413086e+00
1.563423156738281250e+00
1.569322824478149414e+00
1.575222611427307129e+00
1.581122279167175293e+00
1.587021946907043457e+00
1.592921733856201172e+00
1.598821401596069336e+00
1.604721069335937500e+00
1.610620856285095215e+00
1.616520524024963379e+00
1.622420191764831543e+00
1.628319978713989258e+00
1.634219646453857422e+00
1.640119433403015137e+00
1.646019101142883301e+00
1.651918768882751465e+00
1.657818555831909180e+00
1.663718223571777344e+00
1.669617891311645508e+00
1.675517678260803223e+00
1.681417346000671387e+00
1.687317013740539551e+00
1.693216800689697266e+00
1.699116468429565430e+00
1.705016136169433594e+00
1.710915923118591309e+00
1.716815590858459473e+00
1.722715377807617188e+00
1.728615045547485352e+00
1.734514713287353516e+00
1.740414500236511230e+00
1.746314167976379395e+00
1.752213835716247559e+00
1.758113622665405273e+00
1.764013290405273438e+00
1.769912958145141602e+00
1.775812745094299316e+00
1.781712412834167480e+00
1.787612080574035645e+00
1.793511867523193359e+00
1.799411535263061523e+00
1.805311203002929688e+00
1.811210989952087402e+00
1.817110657691955566e+00
1.823010444641113281e+00
1.828910112380981445e+00
1.834809780120849609e+00
1.840709567070007324e+00
1.846609234809875488e+00
1.852508902549743652e+00
1.858408689498901367e+00
1.864308357238769531e+00
1.870208024978637695e+00
1.876107811927795410e+00
1.882007479667663574e+00
1.887907147407531738e+00
1.893806934356689453e+00
1.899706602096557617e+00
1.905606389045715332e+00
1.911506056785583496e+00
1.917405724525451660e+00
1.923305511474609375e+00
1.929205179214477539e+00
1.935104846954345703e+00
1.941004633903503418e+00
1.946904301643371582e+00
1.952803969383239746e+00
1.958703756332397461e+00
1.964603424072265625e+00
1.970503091812133789e+00
1.976402878761291504e+00
1.982302546501159668e+00
1.988202214241027832e+00
1.994102001190185547e+00
2.000001668930053711e+00
2.005901336669921875e+00
2.011801004409790039e+00
2.017700910568237305e+00
2.023600578308105469e+00
2.029500246047973633e+00
2.035399913787841797e+00
2.041299581527709961e+00
2.047199487686157227e+00
2.053099155426025391e+00
2.058998823165893555e+00
2.064898490905761719e+00
2.070798158645629883e+00
2.076697826385498047e+00
2.082597732543945312e+00
2.088497400283813477e+00
2.094397068023681641e+00
2.100296735763549805e+00
2.106196403503417969e+00
2.112096071243286133e+00
2.117995977401733398e+00
2.123895645141601562e+00
2.129795312881469727e+00
2.135694980621337891e+00
2.141594648361206055e+00
2.147494554519653320e+00
2.153394222259521484e+00
2.159293889999389648e+00
2.165193557739257812e+00
2.171093225479125977e+00
2.176992893218994141e+00
2.182892799377441406e+00
2.188792467117309570e+00
2.194692134857177734e+00
2.200591802597045898e+00
2.206491470336914062e+00
2.212391138076782227e+00
2.218291044235229492e+00
2.224190711975097656e+00
2.230090379714965820e+00
2.235990047454833984e+00
2.241889715194702148e+00
2.247789621353149414e+00
2.253689289093017578e+00
2.259588956832885742e+00
2.265488624572753906e+00
2.271388292312622070e+00
2.277287960052490234e+00
2.283187866210937500e+00
2.289087533950805664e+00
2.294987201690673828e+00
2.300886869430541992e+00
2.306786537170410156e+00
2.312686204910278320e+00
2.318586111068725586e+00
2.324485778808593750e+00
2.330385446548461914e+00
2.336285114288330078e+00
2.342184782028198242e+00
2.348084688186645508e+00
2.353984355926513672e+00
2.359884023666381836e+00
2.365783691406250000e+00
2.371683359146118164e+00
2.377583026885986328e+00
2.383482933044433594e+00
2.389382600784301758e+00
2.395282268524169922e+00
2.401181936264038086e+00
2.407081604003906250e+00
2.412981271743774414e+00
2.418881177902221680e+00
2.424780845642089844e+00
2.430680513381958008e+00
2.436580181121826172e+00
2.442479848861694336e+00
2.448379755020141602e+00
2.454279422760009766e+00
2.460179090499877930e+00
2.466078758239746094e+00
2.471978425979614258e+00
2.477878093719482422e+00
2.483777999877929688e+00
2.489677667617797852e+00
2.495577335357666016e+00
2.501477003097534180e+00
2.507376670837402344e+00
2.513276576995849609e+00
2.519176244735717773e+00
2.525075912475585938e+00
2.530975580215454102e+00
2.536875247955322266e+00
2.542774915695190430e+00
2.548674821853637695e+00
2.554574489593505859e+00
2.560474157333374023e+00
2.566373825073242188e+00
2.572273492813110352e+00
2.578173160552978516e+00
2.584073066711425781e+00
2.589972734451293945e+00
2.595872402191162109e+00
2.601772069931030273e+00
2.607671737670898438e+00
2.613571643829345703e+00
2.619471311569213867e+00
2.625370979309082031e+00
2.631270647048950195e+00
2.637170314788818359e+00
2.643069982528686523e+00
2.648969888687133789e+00
2.654869556427001953e+00
2.660769224166870117e+00
2.666668891906738281e+00
2.672568559646606445e+00
2.678468227386474609e+00
2.684368133544921875e+00
2.690267801284790039e+00
2.696167469024658203e+00
2.702067136764526367e+00
2.707966804504394531e+00
2.713866710662841797e+00
2.719766378402709961e+00
2.725666046142578125e+00
2.731565713882446289e+00
2.737465381622314453e+00
2.743365049362182617e+00
2.749264955520629883e+00
2.755164623260498047e+00
2.761064291000366211e+00
2.766963958740234375e+00
2.772863626480102539e+00
2.778763294219970703e+00
2.784663200378417969e+00
2.790562868118286133e+00
2.796462535858154297e+00
2.802362203598022461e+00
2.808261871337890625e+00
2.814161777496337891e+00
2.820061445236206055e+00
2.825961112976074219e+00
2.831860780715942383e+00
2.837760448455810547e+00
2.843660116195678711e+00
2.849560022354125977e+00
2.855459690093994141e+00
2.861359357833862305e+00
2.867259025573730469e+00
2.873158693313598633e+00
2.879058361053466797e+00
2.884958267211914062e+00
2.890857934951782227e+00
2.896757602691650391e+00
