0.000000000000000000e+00
5.899710000000002452e-03
1.179942000000000490e-02
1.769913000000000736e-02
2.359884000000000981e-02
2.949855000000001226e-02
3.539826000000001471e-02
4.129797000000001717e-02
4.719768000000001962e-02
5.309739000000002207e-02
5.899710000000002452e-02
6.489681000000002697e-02
7.079652000000002943e-02
7.669623000000003188e-02
8.259594000000003433e-02
8.849565000000003678e-02
9.439536000000003924e-02
1.002950700000000417e-01
1.061947800000000441e-01
1.120944900000000466e-01
1.179942000000000490e-01
1.238939100000000515e-01
1.297936200000000539e-01
1.356933300000000564e-01
1.415930400000000589e-01
1.474927500000000613e-01
1.533924600000000638e-01
1.592921700000000662e-01
1.651918800000000687e-01
1.710915900000000711e-01
1.769913000000000736e-01
1.828910100000000760e-01
1.887907200000000785e-01
1.946904300000000809e-01
2.005901400000000834e-01
2.064898500000000858e-01
2.123895600000000883e-01
2.182892700000000907e-01
2.241889800000000932e-01
2.300886900000000956e-01
2.359884000000000981e-01
2.418881100000001005e-01
2.477878200000001030e-01
2.536875300000001054e-01
2.595872400000001079e-01
2.654869500000001104e-01
2.713866600000001128e-01
2.772863700000001153e-01
2.831860800000001177e-01
2.890857900000001202e-01
2.949855000000001226e-01
3.008852100000001251e-01
3.067849200000001275e-01
3.126846300000001300e-01
3.185843400000001324e-01
3.244840500000001349e-01
3.303837600000001373e-01
3.362834700000001398e-01
3.421831800000001422e-01
3.480828900000001447e-01
3.539826000000001471e-01
3.598823100000001496e-01
3.657820200000001520e-01
3.716817300000001545e-01
3.775814400000001569e-01
3.834811500000001594e-01
3.893808600000001618e-01
3.952805700000001643e-01
4.011802800000001668e-01
4.070799900000001692e-01
4.129797000000001717e-01
4.188794100000001741e-01
4.247791200000001766e-01
4.306788300000001790e-01
4.365785400000001815e-01
4.424782500000001839e-01
4.483779600000001864e-01
4.542776700000001888e-01
4.601773800000001913e-01
4.660770900000001937e-01
4.719768000000001962e-01
4.778765100000001986e-01
4.837762200000002011e-01
4.896759300000002035e-01
4.955756400000002060e-01
5.014753500000002084e-01
5.073750600000002109e-01
5.132747700000002133e-01
5.191744800000002158e-01
5.250741900000002182e-01
5.309739000000002207e-01
5.368736100000002232e-01
5.427733200000002256e-01
5.486730300000002281e-01
5.545727400000002305e-01
5.604724500000002330e-01
5.663721600000002354e-01
5.722718700000002379e-01
5.781715800000002403e-01
5.840712900000002428e-01
5.899710000000002452e-01
5.958707100000002477e-01
6.017704200000002501e-01
6.076701300000002526e-01
6.135698400000002550e-01
6.194695500000002575e-01
6.253692600000002599e-01
6.312689700000002624e-01
6.371686800000002648e-01
6.430683900000002673e-01
6.489681000000002697e-01
6.548678100000002722e-01
6.607675200000002746e-01
6.666672300000002771e-01
6.725669400000002796e-01
6.784666500000002820e-01
6.843663600000002845e-01
6.902660700000002869e-01
6.961657800000002894e-01
7.020654900000002918e-01
7.079652000000002943e-01
7.138649100000002967e-01
7.197646200000002992e-01
7.256643300000003016e-01
7.315640400000003041e-01
7.374637500000003065e-01
7.433634600000003090e-01
7.492631700000003114e-01
7.551628800000003139e-01
7.610625900000003163e-01
7.669623000000003188e-01
7.728620100000003212e-01
7.787617200000003237e-01
7.846614300000003261e-01
7.905611400000003286e-01
7.964608500000003311e-01
8.023605600000003335e-01
8.082602700000003360e-01
8.141599800000003384e-01
8.200596900000003409e-01
8.259594000000003433e-01
8.318591100000003458e-01
8.377588200000003482e-01
8.436585300000003507e-01
8.495582400000003531e-01
8.554579500000003556e-01
8.613576600000003580e-01
8.672573700000003605e-01
8.731570800000003629e-01
8.790567900000003654e-01
8.849565000000003678e-01
8.908562100000003703e-01
8.967559200000003727e-01
9.026556300000003752e-01
9.085553400000003776e-01
9.144550500000003801e-01
9.203547600000003825e-01
9.262544700000003850e-01
9.321541800000003875e-01
9.380538900000003899e-01
9.439536000000003924e-01
9.498533100000003948e-01
9.557530200000003973e-01
9.616527300000003997e-01
9.675524400000004022e-01
9.734521500000004046e-01
9.793518600000004071e-01
9.852515700000004095e-01
9.911512800000004120e-01
9.970509900000004144e-01
1.002950700000000417e+00
1.008850410000000419e+00
1.014750120000000422e+00
1.020649830000000424e+00
1.026549540000000427e+00
1.032449250000000429e+00
1.038348960000000432e+00
1.044248670000000434e+00
1.050148380000000436e+00
1.056048090000000439e+00
1.061947800000000441e+00
1.067847510000000444e+00
1.073747220000000446e+00
1.079646930000000449e+00
1.085546640000000451e+00
1.091446350000000454e+00
1.097346060000000456e+00
1.103245770000000459e+00
1.109145480000000461e+00
1.115045190000000463e+00
1.120944900000000466e+00
1.126844610000000468e+00
1.132744320000000471e+00
1.138644030000000473e+00
1.144543740000000476e+00
1.150443450000000478e+00
1.156343160000000481e+00
1.162242870000000483e+00
1.168142580000000486e+00
1.174042290000000488e+00
1.179942000000000490e+00
1.185841710000000493e+00
1.191741420000000495e+00
1.197641130000000498e+00
1.203540840000000500e+00
1.209440550000000503e+00
1.215340260000000505e+00
1.221239970000000508e+00
1.227139680000000510e+00
1.233039390000000513e+00
1.238939100000000515e+00
1.244838810000000517e+00
1.250738520000000520e+00
1.256638230000000522e+00
1.262537940000000525e+00
1.268437650000000527e+00
1.274337360000000530e+00
1.280237070000000532e+00
1.286136780000000535e+00
1.292036490000000537e+00
1.297936200000000539e+00
1.303835910000000542e+00
1.309735620000000544e+00
1.315635330000000547e+00
1.321535040000000549e+00
1.327434750000000552e+00
1.333334460000000554e+00
1.339234170000000557e+00
1.345133880000000559e+00
1.351033590000000562e+00
1.356933300000000564e+00
1.362833010000000566e+00
1.368732720000000569e+00
1.374632430000000571e+00
1.380532140000000574e+00
1.386431850000000576e+00
1.392331560000000579e+00
1.398231270000000581e+00
1.404130980000000584e+00
1.410030690000000586e+00
1.415930400000000589e+00
1.421830110000000591e+00
1.427729820000000593e+00
1.433629530000000596e+00
1.439529240000000598e+00
1.445428950000000601e+00
1.451328660000000603e+00
1.457228370000000606e+00
1.463128080000000608e+00
1.469027790000000611e+00
1.474927500000000613e+00
1.480827210000000616e+00
1.486726920000000618e+00
1.492626630000000620e+00
1.498526340000000623e+00
1.504426050000000625e+00
1.510325760000000628e+00
1.516225470000000630e+00
1.522125180000000633e+00
1.528024890000000635e+00
1.533924600000000638e+00
1.539824310000000640e+00
1.545724020000000642e+00
1.551623730000000645e+00
1.557523440000000647e+00
1.563423150000000650e+00
1.569322860000000652e+00
1.575222570000000655e+00
1.581122280000000657e+00
1.587021990000000660e+00
1.592921700000000662e+00
1.598821410000000665e+00
1.604721120000000667e+00
1.610620830000000669e+00
1.616520540000000672e+00
1.622420250000000674e+00
1.628319960000000677e+00
1.634219670000000679e+00
1.640119380000000682e+00
1.646019090000000684e+00
1.651918800000000687e+00
1.657818510000000689e+00
1.663718220000000692e+00
1.669617930000000694e+00
1.675517640000000696e+00
1.681417350000000699e+00
1.687317060000000701e+00
1.693216770000000704e+00
1.699116480000000706e+00
1.705016190000000709e+00
1.710915900000000711e+00
1.716815610000000714e+00
1.722715320000000716e+00
1.728615030000000719e+00
1.734514740000000721e+00
1.740414450000000723e+00
1.746314160000000726e+00
1.752213870000000728e+00
1.758113580000000731e+00
1.764013290000000733e+00
1.769913000000000736e+00
1.775812710000000738e+00
1.781712420000000741e+00
1.787612130000000743e+00
1.793511840000000745e+00
1.799411550000000748e+00
1.805311260000000750e+00
1.811210970000000753e+00
1.817110680000000755e+00
1.823010390000000758e+00
1.828910100000000760e+00
1.834809810000000763e+00
1.840709520000000765e+00
1.846609230000000768e+00
1.852508940000000770e+00
1.858408650000000772e+00
1.864308360000000775e+00
1.870208070000000777e+00
1.876107780000000780e+00
1.882007490000000782e+00
1.887907200000000785e+00
1.893806910000000787e+00
1.899706620000000790e+00
1.905606330000000792e+00
1.911506040000000795e+00
1.917405750000000797e+00
1.923305460000000799e+00
1.929205170000000802e+00
1.935104880000000804e+00
1.941004590000000807e+00
1.946904300000000809e+00
1.952804010000000812e+00
1.958703720000000814e+00
1.964603430000000817e+00
1.970503140000000819e+00
1.976402850000000821e+00
1.982302560000000824e+00
1.988202270000000826e+00
1.994101980000000829e+00
2.000001690000000831e+00
2.005901400000000834e+00
2.011801110000000836e+00
2.017700820000000839e+00
2.023600530000000841e+00
2.029500240000000844e+00
2.035399950000000846e+00
2.041299660000000848e+00
2.047199370000000851e+00
2.053099080000000853e+00
2.058998790000000856e+00
2.064898500000000858e+00
2.070798210000000861e+00
2.076697920000000863e+00
2.082597630000000866e+00
2.088497340000000868e+00
2.094397050000000871e+00
2.100296760000000873e+00
2.106196470000000875e+00
2.112096180000000878e+00
2.117995890000000880e+00
2.123895600000000883e+00
2.129795310000000885e+00
2.135695020000000888e+00
2.141594730000000890e+00
2.147494440000000893e+00
2.153394150000000895e+00
2.159293860000000898e+00
2.165193570000000900e+00
2.171093280000000902e+00
2.176992990000000905e+00
2.182892700000000907e+00
2.188792410000000910e+00
2.194692120000000912e+00
2.200591830000000915e+00
2.206491540000000917e+00
2.212391250000000920e+00
2.218290960000000922e+00
2.224190670000000924e+00
2.230090380000000927e+00
2.235990090000000929e+00
2.241889800000000932e+00
2.247789510000000934e+00
2.253689220000000937e+00
2.259588930000000939e+00
2.265488640000000942e+00
2.271388350000000944e+00
2.277288060000000947e+00
2.283187770000000949e+00
2.289087480000000951e+00
2.294987190000000954e+00
2.300886900000000956e+00
2.306786610000000959e+00
2.312686320000000961e+00
2.318586030000000964e+00
2.324485740000000966e+00
2.330385450000000969e+00
2.336285160000000971e+00
2.342184870000000974e+00
2.348084580000000976e+00
2.353984290000000978e+00
2.359884000000000981e+00
2.365783710000000983e+00
2.371683420000000986e+00
2.377583130000000988e+00
2.383482840000000991e+00
2.389382550000000993e+00
2.395282260000000996e+00
2.401181970000000998e+00
2.407081680000001001e+00
2.412981390000001003e+00
2.418881100000001005e+00
2.424780810000001008e+00
2.430680520000001010e+00
2.436580230000001013e+00
2.442479940000001015e+00
2.448379650000001018e+00
2.454279360000001020e+00
2.460179070000001023e+00
2.466078780000001025e+00
2.471978490000001027e+00
2.477878200000001030e+00
2.483777910000001032e+00
2.489677620000001035e+00
2.495577330000001037e+00
2.501477040000001040e+00
2.507376750000001042e+00
2.513276460000001045e+00
2.519176170000001047e+00
2.525075880000001050e+00
2.530975590000001052e+00
2.536875300000001054e+00
2.542775010000001057e+00
2.548674720000001059e+00
2.554574430000001062e+00
2.560474140000001064e+00
2.566373850000001067e+00
2.572273560000001069e+00
2.578173270000001072e+00
2.584072980000001074e+00
2.589972690000001077e+00
2.595872400000001079e+00
2.601772110000001081e+00
2.607671820000001084e+00
2.613571530000001086e+00
2.619471240000001089e+00
2.625370950000001091e+00
2.631270660000001094e+00
2.637170370000001096e+00
2.643070080000001099e+00
2.648969790000001101e+00
2.654869500000001104e+00
2.660769210000001106e+00
2.666668920000001108e+00
2.672568630000001111e+00
2.678468340000001113e+00
2.684368050000001116e+00
2.690267760000001118e+00
